Ts=0.001;